0 0 0 0 0 0 0 0 0 0 0 0 0 0 0 0 0 0 0 0 0 0 0 0 0 0 0 0 0 0 0 0 0 0 0 0 0 0 0 0 0 0 0 0 0 0 0 0 0 0 0 0 
0 6.82684e-25 8.70241e-24 1.0652e-22 1.21232e-21 1.28023e-20 1.25194e-19 1.13132e-18 9.42534e-18 7.22189e-17 5.07569e-16 3.26281e-15 1.91256e-14 1.01894e-13 4.91697e-13 2.14132e-12 8.38438e-12 2.94046e-11 9.20207e-11 2.56066e-10 6.31645e-10 1.37782e-09 2.65368e-09 4.51055e-09 6.76966e-09 8.98333e-09 1.05584e-08 1.10108e-08 1.02041e-08 8.41467e-09 6.18211e-09 4.05221e-09 2.37422e-09 1.24652e-09 5.88267e-10 2.50438e-10 9.65577e-11 3.38547e-11 1.08393e-11 3.18207e-12 8.5993e-13 2.14732e-13 4.97233e-14 1.07129e-14 2.15422e-15 4.05492e-16 7.16407e-17 1.19102e-17 1.86758e-18 2.7677e-19 3.83598e-20 0 
0 8.70241e-24 1.07269e-22 1.27083e-21 1.3996e-20 1.42985e-19 1.35233e-18 1.18155e-17 9.51458e-17 7.04399e-16 4.78167e-15 2.96775e-14 1.67894e-13 8.62964e-13 4.01618e-12 1.68636e-11 6.36539e-11 2.15209e-10 6.49461e-10 1.74398e-09 4.15639e-09 8.77665e-09 1.64087e-08 2.71728e-08 3.99137e-08 5.21111e-08 6.06076e-08 6.29175e-08 5.83854e-08 4.84776e-08 3.60381e-08 2.40022e-08 1.43368e-08 7.69264e-09 3.71643e-09 1.62139e-09 6.40991e-10 2.30486e-10 7.56759e-11 2.27767e-11 6.30826e-12 1.61371e-12 3.8262e-13 8.4369e-14 1.73553e-14 3.34027e-15 6.03142e-16 1.02436e-16 1.64022e-17 2.48117e-18 3.50654e-19 0 
0 1.0652e-22 1.27083e-21 1.4584e-20 1.55554e-19 1.53873e-18 1.40876e-17 1.19114e-16 9.2796e-16 6.64424e-15 4.36057e-14 2.61562e-13 1.42957e-12 7.09634e-12 3.1885e-11 1.29224e-10 4.70736e-10 1.536e-09 4.47509e-09 1.16097e-08 2.67657e-08 5.47798e-08 9.95398e-08 1.60792e-07 2.31411e-07 2.97531e-07 3.42656e-07 3.54237e-07 3.29188e-07 2.75166e-07 2.06916e-07 1.39968e-07 8.51901e-08 4.6691e-08 2.30803e-08 1.03139e-08 4.17878e-09 1.54024e-09 5.18344e-10 1.59867e-10 4.53554e-11 1.18798e-11 2.88281e-12 6.50263e-13 1.36769e-13 2.69022e-14 4.96229e-15 8.60565e-16 1.40647e-16 2.17072e-17 3.12682e-18 0 
0 1.21232e-21 1.3996e-20 1.55554e-19 1.60653e-18 1.53834e-17 1.36296e-16 1.11488e-15 8.39964e-15 5.81405e-14 3.68726e-13 2.13637e-12 1.12736e-11 5.40074e-11 2.34096e-10 9.14934e-10 3.21339e-09 1.01089e-08 2.84024e-08 7.11084e-08 1.5841e-07 3.13916e-07 5.53911e-07 8.72193e-07 1.22929e-06 1.55603e-06 1.77433e-06 1.82683e-06 1.70054e-06 1.4317e-06 1.08972e-06 7.49314e-07 4.65189e-07 2.60733e-07 1.32037e-07 6.05111e-08 2.5157e-08 9.516e-09 3.28607e-09 1.03961e-09 3.02411e-10 8.11731e-11 2.01752e-11 4.65855e-12 1.00248e-12 2.01638e-13 3.80141e-14 6.73472e-15 1.12394e-15 1.77053e-16 2.60025e-17 0 
0 1.28023e-20 1.42985e-19 1.53873e-18 1.53834e-17 1.4255e-16 1.22181e-15 9.66477e-15 7.03865e-14 4.70739e-13 2.88317e-12 1.61245e-11 8.20889e-11 3.7919e-10 1.58398e-09 5.9635e-09 2.01687e-08 6.10888e-08 1.65285e-07 3.98751e-07 8.57096e-07 1.64228e-06 2.81057e-06 4.30961e-06 5.94401e-06 7.40384e-06 8.35748e-06 8.5704e-06 7.99418e-06 6.7829e-06 5.23031e-06 3.65998e-06 2.32076e-06 1.33219e-06 6.92213e-07 3.25861e-07 1.39227e-07 5.4127e-08 1.92055e-08 6.24042e-09 1.86336e-09 5.13092e-10 1.30739e-10 3.09288e-11 6.81457e-12 1.40258e-12 2.70424e-13 4.89701e-14 8.34928e-15 1.34304e-15 2.01172e-16 0 
0 1.25194e-19 1.35233e-18 1.40876e-17 1.36296e-16 1.22181e-15 1.01269e-14 7.74303e-14 5.44816e-13 3.51848e-12 2.07975e-11 1.12184e-10 5.50494e-10 2.4494e-09 9.84923e-09 3.56728e-08 1.16007e-07 3.37762e-07 8.78521e-07 2.03865e-06 4.22042e-06 7.80584e-06 1.29367e-05 1.92926e-05 2.60148e-05 3.18674e-05 3.56002e-05 3.6364e-05 3.40025e-05 2.90977e-05 2.27557e-05 1.62274e-05 1.05269e-05 6.20007e-06 3.31185e-06 1.60451e-06 7.05834e-07 2.82515e-07 1.03166e-07 3.44792e-08 1.05819e-08 2.9927e-09 7.82592e-10 1.89857e-10 4.28669e-11 9.03501e-12 1.78272e-12 3.30173e-13 5.75423e-14 9.45618e-15 1.44521e-15 0 
0 1.13132e-18 1.18155e-17 1.19114e-16 1.11488e-15 9.66477e-15 7.74303e-14 5.71975e-13 3.88602e-12 2.42177e-11 1.38045e-10 7.17553e-10 3.39039e-09 1.45136e-08 5.61018e-08 1.95174e-07 6.09228e-07 1.70182e-06 4.24635e-06 9.45738e-06 1.8815e-05 3.35188e-05 5.36929e-05 7.77527e-05 0.000102378 0.000123236 0.000136199 0.000138588 0.000129974 0.000112286 8.91802e-05 6.49215e-05 4.31742e-05 2.61488e-05 1.43925e-05 7.19271e-06 3.26501e-06 1.34825e-06 5.07658e-07 1.74808e-07 5.52279e-08 1.60635e-08 4.31617e-09 1.07495e-09 2.48947e-10 5.37766e-11 1.08669e-11 2.05979e-12 3.67155e-13 6.16728e-14 9.62113e-15 0 
0 9.42534e-18 9.51458e-17 9.2796e-16 8.39964e-15 7.03865e-14 5.44816e-13 3.88602e-12 2.54766e-11 1.53096e-10 8.40819e-10 4.20732e-09 1.91188e-08 7.86328e-08 2.91722e-07 9.73036e-07 2.90932e-06 7.77879e-06 1.85721e-05 3.95908e-05 7.54812e-05 0.000129174 0.000199511 0.000279964 0.000359393 0.000424668 0.000464096 0.000470466 0.000442837 0.000386693 0.000312448 0.000232711 0.000159057 9.9341e-05 5.65043e-05 2.92115e-05 1.37198e-05 5.85947e-06 2.28003e-06 8.10535e-07 2.64073e-07 7.9117e-08 2.18728e-08 5.59898e-09 1.33141e-09 2.9504e-10 6.11087e-11 1.18629e-11 2.16409e-12 3.71773e-13 5.92269e-14 0 
0 7.22189e-17 7.04399e-16 6.64424e-15 5.81405e-14 4.70739e-13 3.51848e-12 2.42177e-11 1.53096e-10 8.86373e-10 4.68568e-09 2.25444e-08 9.83909e-08 3.88168e-07 1.37953e-06 4.40204e-06 1.25754e-05 3.20913e-05 7.30794e-05 0.000148599 0.000270539 0.000443209 0.000657934 0.000892226 0.0011143 0.00129067 0.00139382 0.0014078 0.00133114 0.0011768 0.000969573 0.000740948 0.000522233 0.000337554 0.000199136 0.000106877 5.21102e-05 2.30871e-05 9.30897e-06 3.42454e-06 1.15295e-06 3.5645e-07 1.01552e-07 2.67546e-08 6.54029e-09 1.4883e-09 3.16236e-10 6.29228e-11 1.17557e-11 2.06666e-12 3.36374e-13 0 
0 5.07569e-16 4.78167e-15 4.36057e-14 3.68726e-13 2.88317e-12 2.07975e-11 1.38045e-10 8.40819e-10 4.68568e-09 2.38156e-08 1.1003e-07 4.60472e-07 1.73929e-06 5.90828e-06 1.79889e-05 4.8949e-05 0.000118797 0.000256995 0.000496267 0.000858794 0.00134065 0.00190464 0.0024869 0.00301288 0.00341405 0.0036398 0.0036634 0.00348378 0.00312499 0.0026336 0.00207304 0.00151336 0.00101712 0.000625302 0.000349986 0.000177887 8.20623e-05 3.43988e-05 1.31323e-05 4.57995e-06 1.46419e-06 4.30644e-07 1.16949e-07 2.94278e-08 6.88445e-09 1.50215e-09 3.0661e-10 5.87086e-11 1.05686e-11 1.75832e-12 0 
0 3.26281e-15 2.96775e-14 2.61562e-13 2.13637e-12 1.61245e-11 1.12184e-10 7.17553e-10 4.20732e-09 2.25444e-08 1.1003e-07 4.87405e-07 1.95238e-06 7.04501e-06 2.28139e-05 6.60667e-05 0.000170585 0.000391967 0.000801363 0.00146106 0.00238836 0.00353053 0.00477173 0.00596768 0.00698404 0.00771994 0.00811383 0.00813901 0.00779779 0.00711981 0.00616484 0.00502562 0.00382328 0.00268903 0.00173368 0.00101796 0.000542243 0.000261683 0.000114494 4.55148e-05 1.64903e-05 5.46464e-06 1.66264e-06 4.66223e-07 1.20936e-07 2.91221e-08 6.53206e-09 1.36898e-09 2.6886e-10 4.95939e-11 8.4384e-12 0 
0 1.91256e-14 1.67894e-13 1.42957e-12 1.12736e-11 8.20889e-11 5.50494e-10 3.39039e-09 1.91188e-08 9.83909e-08 4.60472e-07 1.95238e-06 7.46984e-06 2.56839e-05 7.90382e-05 0.000216857 0.000528795 0.00114378 0.00219485 0.00374858 0.00573838 0.00796065 0.0101474 0.0120611 0.0135489 0.0145441 0.015036 0.0150352 0.0145509 0.0135893 0.0121704 0.010358 0.00828459 0.00615317 0.00419686 0.00260591 0.001465 0.000744019 0.000341473 0.000141935 5.36041e-05 1.8465e-05 5.82521e-06 1.68991e-06 4.52611e-07 1.12341e-07 2.59326e-08 5.58579e-09 1.12612e-09 2.12998e-10 3.70839e-11 0 
0 1.01894e-13 8.62964e-13 7.09634e-12 5.40074e-11 3.7919e-10 2.4494e-09 1.45136e-08 7.86328e-08 3.88168e-07 1.73929e-06 7.04501e-06 2.56839e-05 8.38959e-05 0.000244417 0.000632335 0.00144743 0.00292493 0.00521932 0.00825796 0.01169 0.0150156 0.0178105 0.0198689 0.0211982 0.0219285 0.0222115 0.0221472 0.0217497 0.0209483 0.0196209 0.0176591 0.0150534 0.0119676 0.00874512 0.00580658 0.00347788 0.00187327 0.000907538 0.00039641 0.000156689 5.62883e-05 1.84608e-05 5.55254e-06 1.53823e-06 3.94105e-07 9.37397e-08 2.07727e-08 4.30262e-09 8.35056e-10 1.48842e-10 0 
0 4.91697e-13 4.01618e-12 3.1885e-11 2.34096e-10 1.58398e-09 9.84923e-09 5.61018e-08 2.91722e-07 1.37953e-06 5.90828e-06 2.28139e-05 7.90382e-05 0.000244417 0.000671079 0.00162742 0.00346984 0.0064844 0.01062 0.0153146 0.0196625 0.0228788 0.0246696 0.0252346 0.0250325 0.0245473 0.0241456 0.0240187 0.0241711 0.0244278 0.0244588 0.0238393 0.0221746 0.0192869 0.0153933 0.0111084 0.0071823 0.00414549 0.00213702 0.000987008 0.000410281 0.000154282 5.27596e-05 1.64912e-05 4.73443e-06 1.25401e-06 3.07721e-07 7.02262e-08 1.49569e-08 2.98068e-09 5.44176e-10 0 
0 2.14132e-12 1.68636e-11 1.29224e-10 9.14934e-10 5.9635e-09 3.56728e-08 1.95174e-07 9.73036e-07 4.40204e-06 1.79889e-05 6.60667e-05 0.000216857 0.000632335 0.00162742 0.00367227 0.00721937 0.0123038 0.0181468 0.0232541 0.0262021 0.0264946 0.024682 0.0218091 0.0188672 0.0165582 0.0152754 0.0151742 0.016232 0.0182577 0.0208549 0.0233783 0.0249694 0.0247619 0.0222988 0.0179321 0.0127539 0.00799947 0.00443343 0.00218165 0.000959102 0.000379139 0.000135626 4.41665e-05 1.31657e-05 3.61068e-06 9.15218e-07 2.15311e-07 4.71903e-08 9.66252e-09 1.80763e-09 0 
0 8.38438e-12 6.36539e-11 4.70736e-10 3.21339e-09 2.01687e-08 1.16007e-07 6.09228e-07 2.90932e-06 1.25754e-05 4.8949e-05 0.000170585 0.000528795 0.00144743 0.00346984 0.00721937 0.0129138 0.0196832 0.0253955 0.0276771 0.0255651 0.0201131 0.0133619 0.00702957 0.00206215 -0.00121249 -0.00278963 -0.00274502 -0.00111866 0.00208263 0.00677384 0.0125855 0.0186416 0.0234951 0.0255219 0.0238753 0.0192194 0.0133549 0.0080636 0.00426695 0.00199687 0.000833716 0.000313048 0.00010648 3.3021e-05 9.39043e-06 2.46145e-06 5.97462e-07 1.34845e-07 2.83829e-08 5.44259e-09 0 
0 2.94046e-11 2.15209e-10 1.536e-09 1.01089e-08 6.10888e-08 3.37762e-07 1.70182e-06 7.77879e-06 3.20913e-05 0.000118797 0.000391967 0.00114378 0.00292493 0.0064844 0.0123038 0.0196832 0.026088 0.0280399 0.0236377 0.0143267 0.00367583 -0.00538919 -0.0117871 -0.0156864 -0.0177181 -0.0184794 -0.0183012 -0.017196 -0.0148781 -0.0108555 -0.00466883 0.00367023 0.0131077 0.0212523 0.0253471 0.0242168 0.0191602 0.0128187 0.00737422 0.00370035 0.00163976 0.000648485 0.000230944 7.46368e-05 2.20364e-05 5.97875e-06 1.49828e-06 3.48381e-07 7.5404e-08 1.48228e-08 0 
0 9.20207e-11 6.49461e-10 4.47509e-09 2.84024e-08 1.65285e-07 8.78521e-07 4.24635e-06 1.85721e-05 7.30794e-05 0.000256995 0.000801363 0.00219485 0.00521932 0.01062 0.0181468 0.0253955 0.0280399 0.0227107 0.0104865 -0.00337089 -0.0138485 -0.0195101 -0.0215636 -0.0216705 -0.0211127 -0.0206252 -0.0204994 -0.0206978 -0.0208646 -0.0202661 -0.0177576 -0.0120407 -0.00244351 0.00958098 0.0200828 0.0250611 0.0235291 0.017819 0.0112813 0.00611529 0.00288974 0.00120729 0.000451047 0.000152105 4.66642e-05 1.31111e-05 3.3932e-06 8.12959e-07 1.80939e-07 3.64581e-08 0 
0 2.56066e-10 1.74398e-09 1.16097e-08 7.11084e-08 3.98751e-07 2.03865e-06 9.45738e-06 3.95908e-05 0.000148599 0.000496267 0.00146106 0.00374858 0.00825796 0.0153146 0.0232541 0.0276771 0.0236377 0.0104865 -0.00585838 -0.0175253 -0.0215891 -0.020625 -0.0179266 -0.0152762 -0.0134261 -0.0125298 -0.0125677 -0.0135023 -0.0152551 -0.0175473 -0.0195286 -0.0195073 -0.0149564 -0.00440563 0.00947697 0.0206969 0.0247394 0.0217872 0.0153752 0.00906442 0.00458463 0.00202763 0.000795561 0.000280087 8.92988e-05 2.59805e-05 6.9423e-06 1.71321e-06 3.91937e-07 8.09079e-08 0 
0 6.31645e-10 4.15639e-09 2.67657e-08 1.5841e-07 8.57096e-07 4.22042e-06 1.8815e-05 7.54812e-05 0.000270539 0.000858794 0.00238836 0.00573838 0.01169 0.0196625 0.0262021 0.0255651 0.0143267 -0.00337089 -0.0175253 -0.0216527 -0.0184158 -0.0137452 -0.0102468 -0.0080987 -0.00701605 -0.00659799 -0.00667239 -0.00724844 -0.00849603 -0.0107205 -0.0140044 -0.0177335 -0.0193726 -0.0146127 -0.00220035 0.0126234 0.0223738 0.0237307 0.0188921 0.012171 0.00660102 0.00309191 0.00127373 0.000467872 0.000154896 4.66225e-05 1.28507e-05 3.26336e-06 7.66642e-07 1.61981e-07 0 
0 1.37782e-09 8.77665e-09 5.47798e-08 3.13916e-07 1.64228e-06 7.80584e-06 3.35188e-05 0.000129174 0.000443209 0.00134065 0.00353053 0.00796065 0.0150156 0.0228788 0.0264946 0.0201131 0.00367583 -0.0138485 -0.0215891 -0.0184158 -0.0123012 -0.00867828 -0.00705146 -0.00634411 -0.00609371 -0.0059865 -0.00599007 -0.00611814 -0.00646763 -0.00736186 -0.00928381 -0.0128622 -0.0175935 -0.0188243 -0.0111913 0.00366525 0.0174801 0.0234708 0.0212879 0.0150092 0.00872107 0.00431887 0.00186437 0.000713066 0.00024465 7.6038e-05 2.158e-05 5.62963e-06 1.3559e-06 2.92784e-07 0 
0 2.65368e-09 1.64087e-08 9.95398e-08 5.53911e-07 2.81057e-06 1.29367e-05 5.36929e-05 0.000199511 0.000657934 0.00190464 0.00477173 0.0101474 0.0178105 0.0246696 0.024682 0.0133619 -0.00538919 -0.0195101 -0.020625 -0.0137452 -0.00867828 -0.00717878 -0.006451 -0.00598496 -0.00571215 -0.00554743 -0.0055468 -0.00569099 -0.00596758 -0.00645231 -0.0073797 -0.0094081 -0.0140527 -0.01882 -0.0163873 -0.0039776 0.0116937 0.0215819 0.0224475 0.0172753 0.0107095 0.00558396 0.00251609 0.000998458 0.000353866 0.000113232 3.29989e-05 8.82119e-06 2.17312e-06 4.78573e-07 0 
0 4.51055e-09 2.71728e-08 1.60792e-07 8.72193e-07 4.30961e-06 1.92926e-05 7.77527e-05 0.000279964 0.000892226 0.0024869 0.00596768 0.0120611 0.0198689 0.0252346 0.0218091 0.00702957 -0.0117871 -0.0215636 -0.0179266 -0.0102468 -0.00705146 -0.006451 -0.0056176 -0.00514041 -0.00486041 -0.00472126 -0.00473702 -0.00488405 -0.00519056 -0.00566671 -0.00646007 -0.00755619 -0.0110468 -0.0170707 -0.0186034 -0.00946412 0.00634173 0.0189415 0.0226214 0.0188641 0.0123847 0.00675446 0.00315878 0.00129406 0.000471665 0.000154768 4.61489e-05 1.25997e-05 3.1653e-06 7.0905e-07 0 
0 6.76966e-09 3.99137e-08 2.31411e-07 1.22929e-06 5.94401e-06 2.60148e-05 0.000102378 0.000359393 0.0011143 0.00301288 0.00698404 0.0135489 0.0211982 0.0250325 0.0188672 0.00206215 -0.0156864 -0.0216705 -0.0152762 -0.0080987 -0.00634411 -0.00598496 -0.00514041 -0.00484733 -0.00462322 -0.00452246 -0.00452822 -0.00462242 -0.00486101 -0.00520413 -0.00594331 -0.00663857 -0.00904558 -0.0151086 -0.0191006 -0.0128953 0.00215639 0.0163452 0.0222284 0.019837 0.0136484 0.00771909 0.00371957 0.00156339 0.000582846 0.000195176 5.92882e-05 1.64674e-05 4.20346e-06 9.54784e-07 0 
0 8.98333e-09 5.21111e-08 2.97531e-07 1.55603e-06 7.40384e-06 3.18674e-05 0.000123236 0.000424668 0.00129067 0.00341405 0.00771994 0.0145441 0.0219285 0.0245473 0.0165582 -0.00121249 -0.0177181 -0.0211127 -0.0134261 -0.00701605 -0.00609371 -0.00571215 -0.00486041 -0.00462322 -0.00437026 -0.00427652 -0.00428377 -0.00437882 -0.00462997 -0.00492925 -0.00565524 -0.00623322 -0.00794414 -0.0136525 -0.0189036 -0.0147448 -0.000606596 0.0143448 0.0216796 0.0203382 0.0144732 0.00840148 0.00413642 0.0017711 0.000671213 0.000228132 7.02532e-05 1.97628e-05 5.10496e-06 1.17167e-06 0 
0 1.05584e-08 6.06076e-08 3.42656e-07 1.77433e-06 8.35748e-06 3.56002e-05 0.000136199 0.000464096 0.00139382 0.0036398 0.00811383 0.015036 0.0222115 0.0241456 0.0152754 -0.00278963 -0.0184794 -0.0206252 -0.0125298 -0.00659799 -0.0059865 -0.00554743 -0.00472126 -0.00452246 -0.00427652 -0.00419698 -0.00420188 -0.00428496 -0.00452505 -0.00479534 -0.00550274 -0.00606728 -0.00748725 -0.0129183 -0.0186241 -0.0154699 -0.00194024 0.0132472 0.0212764 0.0205127 0.0148707 0.0087591 0.0043659 0.00188969 0.000723197 0.000248026 7.70255e-05 2.1841e-05 5.68445e-06 1.31338e-06 0 
0 1.10108e-08 6.29175e-08 3.54237e-07 1.82683e-06 8.5704e-06 3.6364e-05 0.000138588 0.000470466 0.0014078 0.0036634 0.00813901 0.0150352 0.0221472 0.0240187 0.0151742 -0.00274502 -0.0183012 -0.0204994 -0.0125677 -0.00667239 -0.00599007 -0.0055468 -0.00473702 -0.00452822 -0.00428377 -0.00420188 -0.00420652 -0.00429146 -0.00453032 -0.00480644 -0.00550346 -0.00607861 -0.00754564 -0.0129352 -0.0185177 -0.0153295 -0.00190105 0.0131727 0.0211731 0.0204509 0.0148602 0.00877552 0.00438612 0.00190388 0.000730768 0.000251373 7.8302e-05 2.2271e-05 5.81411e-06 1.34713e-06 0 
0 1.02041e-08 5.83854e-08 3.29188e-07 1.70054e-06 7.99418e-06 3.40025e-05 0.000129974 0.000442837 0.00133114 0.00348378 0.00779779 0.0145509 0.0217497 0.0241711 0.016232 -0.00111866 -0.017196 -0.0206978 -0.0135023 -0.00724844 -0.00611814 -0.00569099 -0.00488405 -0.00462242 -0.00437882 -0.00428496 -0.00429146 -0.0043875 -0.00463256 -0.00494734 -0.0056481 -0.00627921 -0.0081212 -0.0136712 -0.0185568 -0.0143337 -0.000519615 0.0141024 0.0213708 0.0201631 0.0144499 0.00845377 0.00419689 0.00181257 0.000693044 0.000237687 7.38674e-05 2.0972e-05 5.46748e-06 1.26559e-06 0 
0 8.41467e-09 4.84776e-08 2.75166e-07 1.4317e-06 6.7829e-06 2.90977e-05 0.000112286 0.000386693 0.0011768 0.00312499 0.00711981 0.0135893 0.0209483 0.0244278 0.0182577 0.00208263 -0.0148781 -0.0208646 -0.0152551 -0.00849603 -0.00646763 -0.00596758 -0.00519056 -0.00486101 -0.00462997 -0.00452505 -0.00453032 -0.00463256 -0.0048764 -0.00524188 -0.00595109 -0.00677515 -0.00933157 -0.0150209 -0.0184404 -0.0122588 0.0021972 0.0158849 0.0217239 0.019581 0.0136356 0.00781494 0.0038191 0.00162879 0.000616369 0.000209561 6.46443e-05 1.82356e-05 4.72751e-06 1.0893e-06 0 
0 6.18211e-09 3.60381e-08 2.06916e-07 1.08972e-06 5.23031e-06 2.27557e-05 8.91802e-05 0.000312448 0.000969573 0.0026336 0.00616484 0.0121704 0.0196209 0.0244588 0.0208549 0.00677384 -0.0108555 -0.0202661 -0.0175473 -0.0107205 -0.00736186 -0.00645231 -0.00566671 -0.00520413 -0.00492925 -0.00479534 -0.00480644 -0.00494734 -0.00524188 -0.00571243 -0.00651433 -0.00784195 -0.0113493 -0.0166749 -0.0175612 -0.00872707 0.00617925 0.0182056 0.0219556 0.0185835 0.0124162 0.00690231 0.00329354 0.00137762 0.000512903 0.000171971 5.24092e-05 1.46269e-05 3.75611e-06 8.58651e-07 0 
0 4.05221e-09 2.40022e-08 1.39968e-07 7.49314e-07 3.65998e-06 1.62274e-05 6.49215e-05 0.000232711 0.000740948 0.00207304 0.00502562 0.010358 0.0176591 0.0238393 0.0233783 0.0125855 -0.00466883 -0.0177576 -0.0195286 -0.0140044 -0.00928381 -0.0073797 -0.00646007 -0.00594331 -0.00565524 -0.00550274 -0.00550346 -0.0056481 -0.00595109 -0.00651433 -0.007619 -0.00986813 -0.0141124 -0.0178542 -0.015004 -0.00339444 0.0111332 0.0205487 0.0217003 0.017048 0.0108208 0.0057872 0.00267785 0.00109208 0.000397979 0.000130993 3.92782e-05 1.08051e-05 2.73914e-06 6.19424e-07 0 
0 2.37422e-09 1.43368e-08 8.51901e-08 4.65189e-07 2.32076e-06 1.05269e-05 4.31742e-05 0.000159057 0.000522233 0.00151336 0.00382328 0.00828459 0.0150534 0.0221746 0.0249694 0.0186416 0.00367023 -0.0120407 -0.0195073 -0.0177335 -0.0128622 -0.0094081 -0.00755619 -0.00663857 -0.00623322 -0.00606728 -0.00607861 -0.00627921 -0.00677515 -0.00784195 -0.00986813 -0.0131614 -0.0168746 -0.0171281 -0.00977775 0.00370493 0.0163685 0.0222141 0.0205943 0.0149204 0.00893598 0.00456997 0.00203973 0.000807266 0.000286761 9.23127e-05 2.7143e-05 7.3373e-06 1.83105e-06 4.08617e-07 0 
0 1.24652e-09 7.69264e-09 4.6691e-08 2.60733e-07 1.33219e-06 6.20007e-06 2.61488e-05 9.9341e-05 0.000337554 0.00101712 0.00268903 0.00615317 0.0119676 0.0192869 0.0247619 0.0234951 0.0131077 -0.00244351 -0.0149564 -0.0193726 -0.0175935 -0.0140527 -0.0110468 -0.00904558 -0.00794414 -0.00748725 -0.00754564 -0.0081212 -0.00933157 -0.0113493 -0.0141124 -0.0168746 -0.0174495 -0.01258 -0.0014466 0.0117348 0.0207427 0.0224632 0.0184208 0.0122841 0.00691678 0.00336976 0.0014456 0.000553406 0.000191048 5.99855e-05 1.7252e-05 4.57203e-06 1.12077e-06 2.46353e-07 0 
0 5.88267e-10 3.71643e-09 2.30803e-08 1.32037e-07 6.92213e-07 3.31185e-06 1.43925e-05 5.65043e-05 0.000199136 0.000625302 0.00173368 0.00419686 0.00874512 0.0153933 0.0222988 0.0255219 0.0212523 0.00958098 -0.00440563 -0.0146127 -0.0188243 -0.01882 -0.0170707 -0.0151086 -0.0136525 -0.0129183 -0.0129352 -0.0136712 -0.0150209 -0.0166749 -0.0178542 -0.0171281 -0.01258 -0.00322396 0.00883387 0.018847 0.0229291 0.0208231 0.015262 0.00938583 0.00496552 0.0023011 0.000947116 0.000350059 0.000117231 3.58383e-05 1.0065e-05 2.61088e-06 6.27752e-07 1.35728e-07 0 
0 2.50438e-10 1.62139e-09 1.03139e-08 6.05111e-08 3.25861e-07 1.60451e-06 7.19271e-06 2.92115e-05 0.000106877 0.000349986 0.00101796 0.00260591 0.00580658 0.0111084 0.0179321 0.0238753 0.0253471 0.0200828 0.00947697 -0.00220035 -0.0111913 -0.0163873 -0.0186034 -0.0191006 -0.0189036 -0.0186241 -0.0185177 -0.0185568 -0.0184404 -0.0175612 -0.015004 -0.00977775 -0.0014466 0.00883387 0.0180175 0.0228204 0.0220939 0.0174165 0.0115467 0.0065799 0.00327684 0.00144518 0.000570583 0.000203497 6.60595e-05 1.96461e-05 5.38304e-06 1.36558e-06 3.21754e-07 6.83719e-08 0 
0 9.65577e-11 6.40991e-10 4.17878e-09 2.5157e-08 1.39227e-07 7.05834e-07 3.26501e-06 1.37198e-05 5.21102e-05 0.000177887 0.000542243 0.001465 0.00347788 0.0071823 0.0127539 0.0192194 0.0242168 0.0250611 0.0206969 0.0126234 0.00366525 -0.0039776 -0.00946412 -0.0128953 -0.0147448 -0.0154699 -0.0153295 -0.0143337 -0.0122588 -0.00872707 -0.00339444 0.00370493 0.0117348 0.018847 0.0228204 0.022471 0.0185228 0.0130102 0.00789916 0.0041983 0.00197519 0.000830663 0.000314923 0.00010843 3.41239e-05 9.87174e-06 2.63834e-06 6.54325e-07 1.5102e-07 3.15263e-08 0 
0 3.38547e-11 2.30486e-10 1.54024e-09 9.516e-09 5.4127e-08 2.82515e-07 1.34825e-06 5.85947e-06 2.30871e-05 8.20623e-05 0.000261683 0.000744019 0.00187327 0.00414549 0.00799947 0.0133549 0.0191602 0.0235291 0.0247394 0.0223738 0.0174801 0.0116937 0.00634173 0.00215639 -0.000606596 -0.00194024 -0.00190105 -0.000519615 0.0021972 0.00617925 0.0111332 0.0163685 0.0207427 0.0229291 0.0220939 0.0185228 0.0135259 0.00864101 0.00486154 0.00242715 0.00108361 0.000435796 0.000158945 5.28952e-05 1.61506e-05 4.54695e-06 1.18565e-06 2.87501e-07 6.50003e-08 1.33288e-08 0 
0 1.08393e-11 7.56759e-11 5.18344e-10 3.28607e-09 1.92055e-08 1.03166e-07 5.07658e-07 2.28003e-06 9.30897e-06 3.43988e-05 0.000114494 0.000341473 0.000907538 0.00213702 0.00443343 0.0080636 0.0128187 0.017819 0.0217872 0.0237307 0.0234708 0.0215819 0.0189415 0.0163452 0.0143448 0.0132472 0.0131727 0.0141024 0.0158849 0.0182056 0.0205487 0.0222141 0.0224632 0.0208231 0.0174165 0.0130102 0.00864101 0.00510335 0.00268868 0.00126974 0.000540482 0.000208543 7.3339e-05 2.36286e-05 7.00776e-06 1.92165e-06 4.89182e-07 1.16027e-07 2.57034e-08 5.17803e-09 0 
0 3.18207e-12 2.27767e-11 1.59867e-10 1.03961e-09 6.24042e-09 3.44792e-08 1.74808e-07 8.10535e-07 3.42454e-06 1.31323e-05 4.55148e-05 0.000141935 0.00039641 0.000987008 0.00218165 0.00426695 0.00737422 0.0112813 0.0153752 0.0188921 0.0212879 0.0224475 0.0226214 0.0222284 0.0216796 0.0212764 0.0211731 0.0213708 0.0217239 0.0219556 0.0217003 0.0205943 0.0184208 0.015262 0.0115467 0.00789916 0.00486154 0.00268868 0.0013384 0.000601676 0.000245296 9.11059e-05 3.09687e-05 9.6773e-06 2.79171e-06 7.46429e-07 1.85652e-07 4.30986e-08 9.35958e-09 1.85294e-09 0 
0 8.5993e-13 6.30826e-12 4.53554e-11 3.02411e-10 1.86336e-09 1.05819e-08 5.52279e-08 2.64073e-07 1.15295e-06 4.57995e-06 1.64903e-05 5.36041e-05 0.000156689 0.000410281 0.000959102 0.00199687 0.00370035 0.00611529 0.00906442 0.012171 0.0150092 0.0172753 0.0188641 0.019837 0.0203382 0.0205127 0.0204509 0.0201631 0.019581 0.0185835 0.017048 0.0149204 0.0122841 0.00938583 0.0065799 0.0041983 0.00242715 0.00126974 0.000601676 0.000258906 0.000101515 3.64081e-05 1.19912e-05 3.64117e-06 1.02323e-06 2.67068e-07 6.49608e-08 1.47711e-08 3.14646e-09 6.124e-10 0 
0 2.14732e-13 1.61371e-12 1.18798e-11 8.11731e-11 5.13092e-10 2.9927e-09 1.60635e-08 7.9117e-08 3.5645e-07 1.46419e-06 5.46464e-06 1.8465e-05 5.62883e-05 0.000154282 0.000379139 0.000833716 0.00163976 0.00288974 0.00458463 0.00660102 0.00872107 0.0107095 0.0123847 0.0136484 0.0144732 0.0148707 0.0148602 0.0144499 0.0136356 0.0124162 0.0108208 0.00893598 0.00691678 0.00496552 0.00327684 0.00197519 0.00108361 0.000540482 0.000245296 0.000101515 3.84225e-05 1.3345e-05 4.26845e-06 1.26179e-06 3.45922e-07 8.82424e-08 2.1011e-08 4.68329e-09 9.79169e-10 1.87451e-10 0 
0 4.97233e-14 3.8262e-13 2.88281e-12 2.01752e-11 1.30739e-10 7.82592e-10 4.31617e-09 2.18728e-08 1.01552e-07 4.30644e-07 1.66264e-06 5.82521e-06 1.84608e-05 5.27596e-05 0.000135626 0.000313048 0.000648485 0.00120729 0.00202763 0.00309191 0.00431887 0.00558396 0.00675446 0.00771909 0.00840148 0.0087591 0.00877552 0.00845377 0.00781494 0.00690231 0.0057872 0.00456997 0.00336976 0.0023011 0.00144518 0.000830663 0.000435796 0.000208543 9.11059e-05 3.64081e-05 1.3345e-05 4.50037e-06 1.40089e-06 4.03844e-07 1.08162e-07 2.69981e-08 6.29889e-09 1.37741e-09 2.82852e-10 5.32874e-11 0 
0 1.07129e-14 8.4369e-14 6.50263e-13 4.65855e-12 3.09288e-11 1.89857e-10 1.07495e-09 5.59898e-09 2.67546e-08 1.16949e-07 4.66223e-07 1.68991e-06 5.55254e-06 1.64912e-05 4.41665e-05 0.00010648 0.000230944 0.000451047 0.000795561 0.00127373 0.00186437 0.00251609 0.00315878 0.00371957 0.00413642 0.0043659 0.00438612 0.00419689 0.0038191 0.00329354 0.00267785 0.00203973 0.0014456 0.000947116 0.000570583 0.000314923 0.000158945 7.3339e-05 3.09687e-05 1.19912e-05 4.26845e-06 1.40089e-06 4.25203e-07 1.19726e-07 3.1369e-08 7.67009e-09 1.7551e-09 3.76826e-10 7.60527e-11 1.41071e-11 0 
0 2.15422e-15 1.73553e-14 1.36769e-13 1.00248e-12 6.81457e-12 4.28669e-11 2.48947e-10 1.33141e-09 6.54029e-09 2.94278e-08 1.20936e-07 4.52611e-07 1.53823e-06 4.73443e-06 1.31657e-05 3.3021e-05 7.46368e-05 0.000152105 0.000280087 0.000467872 0.000713066 0.000998458 0.00129406 0.00156339 0.0017711 0.00188969 0.00190388 0.00181257 0.00162879 0.00137762 0.00109208 0.000807266 0.000553406 0.000350059 0.000203497 0.00010843 5.28952e-05 2.36286e-05 9.6773e-06 3.64117e-06 1.26179e-06 4.03844e-07 1.19726e-07 3.29758e-08 8.46232e-09 2.02902e-09 4.55767e-10 9.61505e-11 1.90847e-11 3.48728e-12 0 
0 4.05492e-16 3.34027e-15 2.69022e-14 2.01638e-13 1.40258e-12 9.03501e-12 5.37766e-11 2.9504e-10 1.4883e-09 6.88445e-09 2.91221e-08 1.12341e-07 3.94105e-07 1.25401e-06 3.61068e-06 9.39043e-06 2.20364e-05 4.66642e-05 8.92988e-05 0.000154896 0.00024465 0.000353866 0.000471665 0.000582846 0.000671213 0.000723197 0.000730768 0.000693044 0.000616369 0.000512903 0.000397979 0.000286761 0.000191048 0.000117231 6.60595e-05 3.41239e-05 1.61506e-05 7.00776e-06 2.79171e-06 1.02323e-06 3.45922e-07 1.08162e-07 3.1369e-08 8.46232e-09 2.12939e-09 5.01148e-10 1.10596e-10 2.2942e-11 4.48119e-12 8.07019e-13 0 
0 7.16407e-17 6.03142e-16 4.96229e-15 3.80141e-14 2.70424e-13 1.78272e-12 1.08669e-11 6.11087e-11 3.16236e-10 1.50215e-09 6.53206e-09 2.59326e-08 9.37397e-08 3.07721e-07 9.15218e-07 2.46145e-06 5.97875e-06 1.31111e-05 2.59805e-05 4.66225e-05 7.6038e-05 0.000113232 0.000154768 0.000195176 0.000228132 0.000248026 0.000251373 0.000237687 0.000209561 0.000171971 0.000130993 9.23127e-05 5.99855e-05 3.58383e-05 1.96461e-05 9.87174e-06 4.54695e-06 1.92165e-06 7.46429e-07 2.67068e-07 8.82424e-08 2.69981e-08 7.67009e-09 2.02902e-09 5.01148e-10 1.15872e-10 2.51422e-11 5.13178e-12 9.86986e-13 1.75264e-13 0 
0 1.19102e-17 1.02436e-16 8.60565e-16 6.73472e-15 4.89701e-14 3.30173e-13 2.05979e-12 1.18629e-11 6.29228e-11 3.0661e-10 1.36898e-09 5.58579e-09 2.07727e-08 7.02262e-08 2.15311e-07 5.97462e-07 1.49828e-06 3.3932e-06 6.9423e-06 1.28507e-05 2.158e-05 3.29989e-05 4.61489e-05 5.92882e-05 7.02532e-05 7.70255e-05 7.8302e-05 7.38674e-05 6.46443e-05 5.24092e-05 3.92782e-05 2.7143e-05 1.7252e-05 1.0065e-05 5.38304e-06 2.63834e-06 1.18565e-06 4.89182e-07 1.85652e-07 6.49608e-08 2.1011e-08 6.29889e-09 1.7551e-09 4.55767e-10 1.10596e-10 2.51422e-11 5.36773e-12 1.07869e-12 2.0439e-13 3.58032e-14 0 
0 1.86758e-18 1.64022e-17 1.40647e-16 1.12394e-15 8.34928e-15 5.75423e-14 3.67155e-13 2.16409e-12 1.17557e-11 5.87086e-11 2.6886e-10 1.12612e-09 4.30262e-09 1.49569e-08 4.71903e-08 1.34845e-07 3.48381e-07 8.12959e-07 1.71321e-06 3.26336e-06 5.62963e-06 8.82119e-06 1.25997e-05 1.64674e-05 1.97628e-05 2.1841e-05 2.2271e-05 2.0972e-05 1.82356e-05 1.46269e-05 1.08051e-05 7.3373e-06 4.57203e-06 2.61088e-06 1.36558e-06 6.54325e-07 2.87501e-07 1.16027e-07 4.30986e-08 1.47711e-08 4.68329e-09 1.37741e-09 3.76826e-10 9.61505e-11 2.2942e-11 5.13178e-12 1.07869e-12 2.1355e-13 3.9884e-14 6.89479e-15 0 
0 2.7677e-19 2.48117e-18 2.17072e-17 1.77053e-16 1.34304e-15 9.45618e-15 6.16728e-14 3.71773e-13 2.06666e-12 1.05686e-11 4.95939e-11 2.12998e-10 8.35056e-10 2.98068e-09 9.66252e-09 2.83829e-08 7.5404e-08 1.80939e-07 3.91937e-07 7.66642e-07 1.3559e-06 2.17312e-06 3.1653e-06 4.20346e-06 5.10496e-06 5.68445e-06 5.81411e-06 5.46748e-06 4.72751e-06 3.75611e-06 2.73914e-06 1.83105e-06 1.12077e-06 6.27752e-07 3.21754e-07 1.5102e-07 6.50003e-08 2.57034e-08 9.35958e-09 3.14646e-09 9.79169e-10 2.82852e-10 7.60527e-11 1.90847e-11 4.48119e-12 9.86986e-13 2.0439e-13 3.9884e-14 7.34602e-15 1.25375e-15 0 
0 3.83598e-20 3.50654e-19 3.12682e-18 2.60025e-17 2.01172e-16 1.44521e-15 9.62113e-15 5.92269e-14 3.36374e-13 1.75832e-12 8.4384e-12 3.70839e-11 1.48842e-10 5.44176e-10 1.80763e-09 5.44259e-09 1.48228e-08 3.64581e-08 8.09079e-08 1.61981e-07 2.92784e-07 4.78573e-07 7.0905e-07 9.54784e-07 1.17167e-06 1.31338e-06 1.34713e-06 1.26559e-06 1.0893e-06 8.58651e-07 6.19424e-07 4.08617e-07 2.46353e-07 1.35728e-07 6.83719e-08 3.15263e-08 1.33288e-08 5.17803e-09 1.85294e-09 6.124e-10 1.87451e-10 5.32874e-11 1.41071e-11 3.48728e-12 8.07019e-13 1.75264e-13 3.58032e-14 6.89479e-15 1.25375e-15 2.11458e-16 0 
0 0 0 0 0 0 0 0 0 0 0 0 0 0 0 0 0 0 0 0 0 0 0 0 0 0 0 0 0 0 0 0 0 0 0 0 0 0 0 0 0 0 0 0 0 0 0 0 0 0 0 0 
